10064373
10064372
10064371
10064370
10064369
10064368
10064367
10064366
10064365
10064364
10064300
10064299
10064298
10064297
10064272
10064271
10064270
10064269
10064268
10064267
10064266
10064265
10064263
10064260
10064259
10064258
10064257
10064256
10064255
10064254
10064253
10064252
10064251
10064250
10064249
10064248
10064247
10064246
10064245
10064244
10064243
10064242
10064241
10064240
10064239
10064238
10064237
10064236
10064235
10064234
10064232
10064231
10064230
10064229
10064228
10064227
10064226
10064225
10064224
10064223
10064222
10064221
10064220
10064063
10064062
10064061
10064060
10064045
10064044
10064043
10064042
10064041
10064040
10064039
10063995
10063802
10063801
10063800
10063799
10063798
10063797
10063796
10063795
10063794
10063793
10063792
10063791
10063790
10063789
10063788
10063787
10063786
10063785
10063750
10063749
10063748
10063747
10063746
10063745
10063744
10063743
10063742
10063741
10063740
10063739
10063738
10063737
10063736
10063735
10063734
10063733
10063732
10063731
10063730
10063729
10063728
10063727
10063726
10063725
10063724
10063723
10063722
10063721
10063720
10063719
10063718
10063717
10063716
10063715
10063714
10063713
10063712
10063711
10063710
10063709
10063708
10063707
10063706
10063705
10063704
10063597
10063596
10063595
10063594
10063593
10063592
10063591
10063590
10063589
10063588
10063587
10063586
10063585
10063584
10063583
10063582
10063581
10063580
10063579
10063578
10063577
10063576
10063575
10063574
10063573
10063572
10063571
10063570
10063569
10063568
10063567
10063566
10063565
10063564
10063563
10063562
10063561
10063560
10063559
10063558
10063543
10063542
10063541
10063540
10063539
10063538
10063537
10063536
10063535
10063534
10063533
10063532
10063531
10063530
10063529
10063528
10063527
10063526
10063524
10063523
10063522
10063521
10063520
10063519
10063518
10063517
10063516
10063515
10063514
10063513
10063512
10063511
10063459
10063458
10063457
10063456
10063455
10063454
10063453
10063452
10063451
10063450
10063449
10063448
10063447
10063427
10063426
10063425
10063424
10063423
10063422
10063421
10063420
10063419
10063418
10063417
10063416
10063415
10063414
10063413
10063412
10063411
10063410
10063409
10063408
10063407
10063406
10063405
10063404
10063403
10063402
10063401
10063400
10063399
10063398
10063397
10063396
10063395
10063394
10063393
10063392
10063391
10063390
10063327
10063326
10063325
10063324
10063323
10063322
10063321
10063320
10063319
10063318
10063317
10063316
10063315
10063314
10063197
10063196
10063195
10063194
10063193
10063192
10063191
10063190
10063189
10063188
10063187
10063186
10063185
10063184
10063183
10063182
10063181
10063180
10063179
10063178
10063177
10063176
10063175
10063174
10063173
10063172
10063171
10063170
10063169
10063168
10063167
10063166
10063165
10063164
10063163
10063162
10063161
10063159
10063158
10063157
10063156
10063155
10063154
10063153
10063152
10063151
10063150
10063149
10063148
10063147
10063146
10063145
10063144
10063143
10063085
10063084
10063083
10063082
10063081
10063080
10063079
10063078
10063077
10063076
10063075
10063074
10063073
10063072
10063071
10063070
10063069
10063068
10063067
10063066
10063065
10063064
10063063
10063062
10063061
10063060
10063059
10063058
10063057
10063056
10063055
10063054
10063053
10063052
10063051
10063050
10063049
10063048
10063046
10063045
10063044
10063043
10063042
10063041
10063040
10063039
10063038
10063037
10063036
10063035
10063034
10063033
10063032
10063031
10063030
10063029
10063028
10063027
10063026
10063025
10063024
10063023
10063022
10063021
10063020
10063019
10063018
10062968
10062967
10062966
10062965
10062964
10062963
10062962
10062961
10062960
10062959
10062958
10062957
10062956
10062955
10062954
10062953
10062943
10062942
10062941
10062857
10062856
10062855
10062854
10062853
10062852
10062851
10062850
10062849
10062848
10062847
10062846
10062845
10062844
10062843
10062842
10062841
10062839
10062838
10062837
10062836
10062835
10062834
10062833
10062832
10062755
10062754
10062753
10062750
10062749
10062709
10062708
10062707
10062706
10062705
10062704
10062698
10062697
10062696
10062695
10062693
10062692
10062691
10062690
10062683
10062682
10062681
10062680
10062679
10062678
10062677
10062676
10062675
10062674
10062673
10062672
10062671
10062670
10062669
10062668
10062667
10062666
10062665
10062664
10062663
10062662
10062661
10062660
10062659
10062658
10062657
10062656
10062655
10062654
10062653
10062652
10062651
10062650
10062649
10062648
10062647
10062646
10062645
10062644
10062643
10062642
10062641
10062640
10062639
10062638
10062637
10062636
10062635
10062634
10062633
10062632
10062631
10062630
10062629
10062628
10062627
10062626
10062549
10062548
10062547
10062546
10062545
10062544
10062543
10062542
10062541
10062540
10062539
10062538
10062537
10062536
10062535
10062534
10062533
10062532
10062531
10062530
10062529
10062528
10062527
10062526
10062525
10062524
10062523
10062522
10062521
10062520
10062519
10062518
10062517
10062516
10062515
10062514
10062513
10062512
10062511
10062510
10062509
10062508
10062507
10062506
10062505
10062504
10062503
10062502
10062501
10062500
10062499
10062498
10062497
10062496
10062495
10062494
10062388
10062387
10062386
10062385
10062384
10062383
10062382
10062381
10062380
10062379
10062378
10062377
10062376
10062375
10062374
10062373
10062372
10062371
10062370
10062363
10062317
10062316
10062315
10062308
10062307
10062306
10062305
10062304
10062303
10062302
10062301
10062300
10062299
10062298
10062297
10062296
10062295
10062294
10062188
10062187
10062186
10062185
10062184
10062183
10062182
10062181
10062180
10062179
10062178
10062177
10062176
10062175
10062174
10062173
10062172
10062171
10062170
10062169
10062168
10062167
10062166
10062165
10062164
10062163
10062162
10062161
10062160
10062159
10062158
10062157
10062142
10062141
10062140
10062139
10062138
10062137
10062136
10062135
10062134
10062133
10062132
10062131
10062130
10062129
10062128
10062127
10062126
10062125
10062124
10062117
10062116
10062115
10062114
10062113
10062112
10062111
10062110
10062109
10062108
10062107
10062106
10062105
10062104
10062103
10062102
10062101
10062100
10062099
10062098
10062097
10062096
10062095
10062094
10062093
10062092
10062091
10062090
10062089
10062088
10062087
10062086
10062085
10062084
10062083
10062082
10062081
10062080
10062079
10062078
10062077
10062076
10062075
10062074
10062073
10062072
10062071
10062070
10062069
10062068
10062067
10062066
10062065
10062064
10062063
10062062
10062061
10062060
10062059
10062058
10062057
10062056
10062055
10062054
10062053
10062052
10062051
10062050
10062049
10062048
10062047
10062046
10062045
10062044
10062043
10062042
10062041
10062040
10062039
10062038
10062037
10062036
10062035
10062034
10062033
10062032
10062031
10062030
10062029
10062028
10062027
10062026
10062025
10062021
10062020
10062019
10062018
10062017
10062016
10062015
10062014
10062013
10062004
10062003
10062002
10061989
10061988
10061987
10061986
10061985
10061984
10061983
10061982
10061981
10061980
10061979
10061978
10061947
10061946
10061945
10061944
10061943
10061942
10061941
10061940
10061939
10061938
10061937
10061936
10061935
10061934
10061933
10061932
10061931
10061930
10061929
10061928
10061927
10061926
10061925
10061924
10061923
10061922
10061921
10061920
10061919
10061918
10061917
10061832
10061831
10061830
10061829
10061828
10061827
10061826
10061825
10061824
10061823
10061822
10061821
10061820
10061819
10061818
10061785
10061784
10061783
10061782
10061781
10061780
10061779
10061778
10061777
10061776
10061775
10061774
10061773
10061772
10061771
10061770
10061750
10061749
10061748
10061747
10061746
10061745
10061744
10061743
10061742
10061741
10061740
10061739
10061738
10061736
10061735
10061734
10061733
10061732
10061731
10061730
10061729
10061728
10061727
10061726
10061725
10061724
10061723
10061722
10061721
10061720
10061719
10061718
10061717
10061716
10061715
10061714
10061713
10061712
10061711
10061709
10061708
10061707
10061706
10061705
10061704
10061703
10061702
10061701
10061700
10061699
10061698
10061697
10061696
10061695
10061694
10061693
10061692
10061691
10061690
10061689
10061688
10061687
10061686
10061685
10061684
10061683
10061682
10061681
10061680
10061679
10061678
10061677
10061676
10061675
10061674
10061673
10061672
10061671
10061670
10061669
10061668
10061667
10061666
10061665
10061664
10061663
10061662
10061661
10061660
10061659
10061658
10061657
10061656
10061655
10061654
10061653
10061652
10061651
10061650
10061649
10061648
10061647
10061646
10061645
10061644
10061643
10061642
10061641
10061640
10061639
10061638
10061637
10061636
10061635
10061634
10061633
10061632
10061631
10061630
10061629
10061628
10061627
10061626
10061625
10061618
10061617
10061616
10061615
10061614
10061613
10061612
10061611
10061610
10061609
10061608
10061607
10061606
10061605
10061604
10061603
10061602
10061601
10061600
10061599
10061598
10061597
10061596
10061595
10061594
10061593
10061592
10061591
10061590
10061589
10061588
10061587
10061586
10061585
10061584
10061583
10061582
10061581
10061580
10061579
10061578
10061577
10061576
10061575
10061574
10061573
10061572
10061571
10061570
10061569
10061568
10061567
10061566
10061565
10061564
10061563
10061562
10061561
10061560
10061559
10061558
10061557
10061556
10061555
10061422
10061421
10061420
10061419
10061418
10061417
10061416
10061415
10061414
10061413
10061412
10061411
10061410
10061409
10061408
10061407
10061406
10061405
10061404
10061403
10061402
10061401
10061400
10061399
10061398
10061397
10061396
10061395
10061394
10061393
10061392
10061391
10061390
10061389
10061388
10061387
10061386
10061385
10061384
10061371
10061370
10061369
10061368
10061367
10061366
10061365
10061364
10061363
10061362
10061361
10061360
10061359
10061358
10061357
10061356
10061322
10061321
10061320
10061319
10061318
10061317
10061316
10061315
10061314
10061313
10061312
10061311
10061310
10061309
10061308
10061307
10061306
10061305
10061304
10061303
10061302
10061301
10061300
10061299
10061298
10061297
10061296
10061295
10061294
10061293
10061292
10061291
10061290
10061289
10061288
10061287
10061286
10061285
10061284
10061281
10061280
10061279
10061278
10061277
10061276
10061275
10061274
10061273
10061272
10061271
10061270
10061269
10061268
10061267
10061266
10061265
10061264
10061263
10061256
10061255
10061254
10061253
10061252
10061251
10061250
10061249
10061248
10061247
10061246
10061245
10061244
10061243
10061242
10061241
10061240
10061239
10061238
10061237
10061236
10061235
10061234
10061233
10061232
10061231
10061230
10061229
10061228
10061227
10061226
10061225
10061224
10061223
10061222
10061221
10061220
10061219
10061218
10061217
10061216
10061215
10061214
10061213
10061212
10061211
10061210
10061209
10061208
10061207
10061206
10061203
10061202
10061201
10061200
10061199
10061198
10061197
10061196
10061195
10061194
10061193
10061192
10061191
10061190
10061182
10061181
10061180
10061179
10061178
10061177
10061176
10061175
10061174
10061173
10061172
10061171
10061170
10061169
10061168
10061167
10061166
10061165
10061164
10061163
10061162
10061161
10061160
10061159
10061158
10061157
10061156
10061155
10061154
10061153
10061152
10061151
10061150
10061149
10061148
10061147
10061146
10061145
10061144
10061143
10061142
10061141
10061137
10061136
10061135
10061134
10061133
10061132
10061131
10061130
10061129
10061128
10061127
10061126
10061125
10061124
10061123
10061122
10061121
10061120
10061119
10061118
10061072
10061071
10061070
10061069
10061068
10061067
10061066
10061065
10061064
10061063
10061062
10061061
10061060
10061059
10061058
10061057
10061056
10061055
10061054
10061053
10061052
10061051
10061050
10061049
10061048
10061047
10061046
10061045
10061044
10061043
10061042
10061041
10061040
10061039
10061038
10061037
10061036
10061035
10061034
10061033
10061032
10061031
10061030
10061029
10061028
10061027
10061026
10061025
10061024
10061023
10061022
10061021
10061020
10061019
10061018
10061017
10061016
10061015
10061014
10061013
10061012
10061011
10061010
10061009
10061008
10061007
10061006
10061005
10061004
10061003
10061002
10061001
10061000
10060999
10060998
10060997
10060996
10060995
10060994
10060993
10060992
10060991
10060990
10060989
10060988
10060987
10060986
10060985
10060984
10060983
10060982
10060981
10060980
10060979
10060978
10060977
10060976
10060975
10060974
10060973
10060972
10060971
10060970
10060969
10060968
10060967
10060966
10060965
10060964
10060963
10060962
10060961
10060906
10060905
10060904
10060903
10060902
10060901
10060900
10060899
10060898
10060897
10060896
10060895
10060894
10060893
10060892
10060891
10060890
10060889
10060888
10060887
10060886
10060885
10060884
10060883
10060882
10060881
10060880
10060879
10060809
10060808
10060807
10060806
10060805
10060804
10060803
10060802
10060801
10060800
10060799
10060798
10060797
10060796
10060795
10060794
10060793
10060792
10060791
10060790
10060789
10060788
10060787
10060786
10060785
10060784
10060783
10060782
10060773
10060772
10060771
10060770
10060769
10060768
10060767
10060766
10060765
10060764
10060763
10060762
10060761
10060760
10060759
10060758
10060757
10060756
10060755
10060754
10060753
10060723
10060722
10060721
10060720
10060719
10060718
10060717
10060716
10060715
10060714
10060706
10060705
10060684
10060683
10060682
10060681
10060676
10060675
10060674
10060673
10060672
10060643
10060642
10060603
10060602
10060601
10060600
10060599
10060598
10060597
10060596
10060595
10060594
10060593
10060592
10060591
10060590
10060589
10060588
10060587
10060586
10060585
10060584
10060583
10060582
10060581
10060580
10060579
10060578
10060577
10060576
10060575
10060574
10060573
10060572
10060571
10060570
10060569
10060568
10060567
10060566
10060564
10060563
10060562
10060561
10060560
10060559
10060558
10060557
10060556
10060555
10060554
10060501
10060500
10060499
10060498
10060497
10060496
10060495
10060494
10060493
10060492
10060491
10060490
10060489
10060488
10060487
10060486
10060485
10060484
10060483
10060482
10060481
10060480
10060479
10060478
10060477
10060476
10060475
10060474
10060473
10060472
10060471
10060470
10060469
10060468
10060467
10060466
10060465
10060464
10060463
10060462
10060461
10060460
10060459
10060458
10060457
10060456
10060455
10060454
10060453
10060452
10060451
10060450
10060449
10060448
10060447
10060446
10060445
10060444
10060443
10060442
10060441
10060440
10060439
10060438
10060437
10060436
10060435
10060434
10060433
10060432
10060431
10060430
10060374
10060373
10060372
10060371
10060370
10060369
10060368
10060367
10060350
10060349
10060348
10060347
10060346
10060345
10060344
10060343
10060342
10060341
10060340
10060339
10060338
10060337
10060336
10060335
10060334
10060333
10060332
10060331
10060330
10060329
10060328
10060327
10060326
10060325
10060324
10060323
10060322
10060321
10060320
10060319
10060318
10060317
10060316
10060315
10060314
10060313
10060312
10060311
10060310
10060309
10060308
10060307
10060306
10060305
10060304
10060303
10060302
10060301
10060300
10060299
10060298
10060297
10060296
10060295
10060294
10060293
10060292
10060291
10060290
10060289
10060288
10060287
10060286
10060285
10060284
10060283
10060282
10060281
10060280
10060279
10060278
10060277
10060276
10060275
10060274
10060273
10060272
10060271
10060270
10060269
10060268
10060267
10060266
10060265
10060264
10060263
10060262
10060261
10060260
10060259
10060258
10060257
10060256
10060255
10060254
10060253
10060252
10060251
10060250
10060249
10060248
10060247
10060246
10060245
10060244
10060243
10060242
10060241
10060240
10060239
10060238
10060237
10060236
10060235
10060234
10060233
10060232
10060231
10060230
10060229
10060228
10060227
10060226
10060225
10060224
10060223
10060222
10060221
10060220
10060219
10060218
10060217
10060216
10060215
10060214
10060213
10060212
10060211
10060209
10060197
10060196
10060195
10060194
10060193
10060192
10060191
10060190
10060189
10060188
10060187
10060186
10060185
10060184
10060183
10060182
10060181
10060162
10060161
10060160
10060159
10060158
10060157
10060156
10060155
10060154
10060153
10060152
10060151
10060150
10060149
10060148
10060147
10060146
10060145
10060144
10060143
10060142
10060141
10060140
10060139
10060138
10060137
10060136
10060135
10060134
10060133
10060132
10060131
10060130
10060129
10060128
10060127
10060126
10060125
10060124
10060063
10060062
10060061
10060060
10060059
10060058
10060057
10060056
10060055
10060054
10060053
10060052
10060051
10060050
10060049
10060048
10060047
10060046
10060045
10060044
10060043
10060041
10060040
10060039
10060038
10060037
10060036
10060035
10060034
10060033
10060032
10060031
10060029
10060028
10060027
10060026
10060025
10060024
10060023
10060022
10060021
10060020
10060019
10060018
10060017
10060016
10060015
10060014
10060013
10060012
10060011
10060010
10060009
10060008
10060007
10060006
10060005
10059976
10059975
10059974
10059973
10059972
10059971
10059970
10059969
10059968
10059967
10059948
10059947
10059946
10059945
10059944
10059943
10059942
10059938
10059936
10059934
10059932
10059931
10059930
10059929
10059928
10059927
10059926
10059925
10059924
10059923
10059922
10059921
10059918
10059917
10059916
10059915
10059803
10059802
10059801
10059785
10059784
10059783
10059782
10059781
10059780
10059779
10059778
10059777
10059776
10059775
10059774
10059773
10059772
10059771
10059770
10059769
10059768
10059767
10059766
10059765
10059764
10059763
10059762
10059761
10059760
10059759
10059758
10059757
10059756
10059755
10059754
10059753
10059752
10059751
10059750
10059749
10059748
10059747
10059746
10059745
10059744
10059743
10059742
10059741
10059740
10059739
10059738
10059737
10059736
10059735
10059734
10059733
10059730
10059729
10059728
10059727
10059726
10059725
10059724
10059723
10059722
10059721
10059720
10059719
10059718
10059717
10059716
10059715
10059714
10059713
10059712
10059711
10059710
10059709
10059708
10059707
10059706
10059705
10059704
10059703
10059702
10059701
10059700
10059699
10059698
10059697
10059696
10059695
10059694
10059693
10059692
10059691
10059690
10059689
10059688
10059687
10059686
10059685
10059684
10059683
10059682
10059681
10059680
10059679
10059678
10059677
10059676
10059675
10059674
10059673
10059672
10059671
10059670
10059669
10059668
10059667
10059666
10059665
10059664
10059663
10059659
10059658
10059657
10059656
10059655
10059654
10059653
10059652
10059651
10059650
10059649
10059648
10059647
10059646
10059645
10059644
10059643
10059642
10059641
10059640
10059639
10059638
10059637
10059636
10059635
10059634
10059633
10059632
10059631
10059630
10059629
10059628
10059627
10059626
10059625
10059624
10059623
10059622
10059621
10059620
10059619
10059618
10059617
10059616
10059615
10059614
10059613
10059612
10059611
10059606
10059605
10059604
10059603
10059602
10059601
10059600
10059599
10059598
10059597
10059596
10059595
10059594
10059593
10059592
10059556
10059555
10059554
10059553
10059552
10059551
10059550
10059549
10059548
10059547
10059546
10059545
10059544
10059543
10059542
10059541
10059540
10059539
10059538
10059537
10059536
10059535
10059534
10059533
10059532
10059531
10059530
10059529
10059528
10059527
10059526
10059525
10059524
10059523
10059522
10059521
10059520
10059519
10059518
10059517
10059516
10059515
10059514
10059511
10059510
10059509
10059508
10059507
10059506
10059505
10059474
10059473
10059472
10059471
10059452
10059451
10059450
10059449
10059448
10059447
10059446
10059445
10059444
10059443
10059442
10059441
10059440
10059439
10059438
10059437
10059436
10059435
10059434
10059433
10059432
10059431
10059430
10059429
10059428
10059427
10059426
10059425
10059424
10059423
10059422
10059421
10059420
10059419
10059418
10059417
10059416
10059415
10059414
10059413
10059412
10059411
10059410
10059409
10059408
10059407
10059406
10059405
10059404
10059403
10059402
10059401
10059400
10059399
10059398
10059397
10059396
10059395
10059394
10059393
10059392
10059391
10059390
10059389
10059388
10059387
10059386
10059385
10059384
10059383
10059382
10059381
10059380
10059379
10059378
10059377
10059376
10059359
10059358
10059357
10059356
10059355
10059354
10059353
10059352
10059351
10059350
10059349
10059348
10059347
10059346
10059345
10059344
10059343
10059342
10059341
10059340
10059339
10059338
10059336
10059334
10059332
10059330
10059329
10059328
10059327
10059326
10059325
10059324
10059323
10059322
10059320
10059319
10059318
10059317
10059316
10059315
10059314
10059313
10059312
10059311
10059310
10059309
10059308
10059307
10059306
10059305
10059304
10059303
10059302
10059301
10059300
10059199
10059198
10059197
10059196
10059195
10059194
10059193
10059192
10059191
10059190
10059189
10059188
10059187
10059186
10059185
10059184
10059183
10059182
10059181
10059180
10059179
10059178
10059177
10059176
10059175
10059174
10059173
10059172
10059143
10059142
10059125
10059124
10059123
10059074
10059073
10059042
10059041
10059040
10059039
10059038
10059037
10059036
10058913
10058912
10058911
10058910
10058909
10058908
10058907
10058906
10058905
10058904
10058903
10058902
10058901
10058900
10058899
10058898
10058897
10058896
10058895
10058894
10058893
10058892
10058889
10058888
10058887
10058886
10058885
10058884
10058883
10058882
10058881
10058880
10058879
10058878
10058877
10058876
10058875
10058874
10058873
10058872
10058871
10058870
10058869
10058868
10058867
10058866
10058865
10058864
10058863
10058862
10058861
10058860
10058859
10058858
10058857
10058856
10058855
10058854
10058853
10058852
10058851
10058850
10058849
10058848
10058847
10058846
10058845
10058844
10058843
10058842
10058841
10058840
10058839
10058838
10058837
10058836
10058835
10058834
10058833
10058832
10058831
10058830
10058829
10058828
10058827
10058826
10058825
10058824
10058823
10058822
10058821
10058820
10058819
10058818
10058585
10058584
10058583
10058582
10058581
10058580
10058579
10058578
10058577
10058576
10058500
10058499
10058498
10058497
10058496
10058495
10058494
10058493
10058492
10058491
10058490
10058489
10058488
10058487
10058486
10058485
10058484
10058483
10058482
10058481
10058480
10058479
10058478
10058477
10058476
10058475
10058474
10058473
10058472
10058471
10058443
10058442
10058441
10058440
10058439
10058438
10058437
10058436
10058435
10058434
10058433
10058432
10058431
10058430
10058429
10058428
10058427
10058426
10058425
10058424
10058423
10058422
10058421
10058420
10058419
10058418
10058417
10058416
10058415
10058414
10058413
10058412
10058411
10058410
10058409
10058408
10058407
10058406
10058405
10058404
10058403
10058402
10058397
10058396
10058395
10058394
10058393
10058392
10058391
10058390
10058389
10058388
10058387
10058386
10058385
10058384
10058341
10058340
10058339
10058338
10058337
10058336
10058335
10058334
10058333
10058332
10058331
10058330
10058329
10058328
10058327
10058326
10058325
10058324
10058323
10058322
10058321
10058320
10058319
10058318
10058317
10058316
10058315
10058314
10058313
10058312
10058311
10058310
10058309
10058308
10058307
10058306
10058305
10058304
10058303
10058302
10058301
10058300
10058299
10058251
10058250
10058249
10058248
10058247
10058246
10058245
10058244
10058243
10058242
10058241
10058240
10058239
10058238
10058237
10058236
10058235
10058234
10058233
10058232
10058231
10058230
10058229
10058228
10058227
10058226
10058225
10058224
10058223
10058222
10058221
10058220
10058219
10058218
10058217
10058216
10058215
10058214
10058213
10058212
10058211
10058210
10058209
10058208
10058207
10058206
10058205
10058204
10058203
10058202
10058201
10058200
10058199
10058198
10058197
10058196
10058195
10058194
10058193
10058192
10058191
10058190
10058189
10058188
10058187
10058186
10058185
10058184
10058183
10058182
10058181
10058180
10058179
10058178
10058177
10058176
10058175
10058174
10058173
10058172
10058171
10058170
10058169
10058168
10058167
10058166
10058165
10058164
10058163
10058162
10058161
10058160
10058159
10058158
10058157
10058156
10058155
10058154
10058153
10058152
10058151
10058150
10058149
10058148
10058147
10058146
10058145
10058144
10058143
10058142
10058141
10058140
10058139
10058138
10058137
10058136
10058135
10058134
10058133
10058132
10058131
10058130
10058129
10058128
10058127
10058126
10058125
10058124
10058123
10058122
10058121
10058120
10058119
10058118
10058117
10058116
10058115
10058114
10058113
10058112
10058111
10058110
10058089
10058088
10058087
10058086
10058085
10058084
10058083
10058082
10058080
10058057
10058056
10058055
10058054
10058053
10058052
10058051
10058050
10058049
10058048
10058047
10058046
10058045
10058044
10058043
10058042
10058041
10058040
10057867
10057866
10057865
10057864
10057863
10057862
10057861
10057860
10057859
10057858
10057857
10057856
10057855
10057854
10057853
10057852
10057851
10057850
10057849
10057809
10057808
10057807
10057806
10057805
10057804
10057803
10057802
10057801
10057781
10057780
10057778
10057777
10057776
10057775
10057774
10057773
10057772
10057771
10057770
10057769
10057768
10057767
10057766
10057765
10057764
10057763
10057762
10057761
10057760
10057759
10057758
10057757
10057756
10057755
10057754
10057753
10057752
10057751
10057750
10057749
10057748
10057747
10057746
10057745
10057744
10057743
10057742
10057741
10057740
10057739
10057738
10057737
10057736
10057735
10057734
10057733
10057732
10057731
10057730
10057729
10057728
10057727
10057726
10057725
10057724
10057723
10057722
10057721
10057720
10057719
10057718
10057717
10057716
10057715
10057714
10057713
10057712
10057711
10057710
10057709
10057708
10057707
10057706
10057705
10057704
10057703
10057702
10057701
10057700
10057699
10057698
10057697
10057696
10057695
10057694
10057693
10057692
10057691
10057690
10057689
10057688
10057687
10057686
10057685
10057684
10057683
10057682
10057681
10057680
10057679
10057678
10057677
10057676
10057675
10057674
10057673
10057672
10057671
10057670
10057669
10057668
10057667
10057666
10057665
10057664
10057663
10057662
10057661
10057660
10057659
10057658
10057657
10057656
10057655
10057654
10057653
10057652
10057651
10057650
10057649
10057648
10057647
10057646
10057645
10057644
10057643
10057642
10057641
10057640
10057639
10057638
10057637
10057636
10057635
10057634
10057633
10057632
10057631
10057630
10057629
10057628
10057627
10057626
10057625
10057624
10057623
10057622
10057621
10057620
10057619
10057618
10057617
10057616
10057615
10057614
10057613
10057612
10057611
10057610
10057609
10057608
10057607
10057606
10057605
10057604
10057603
10057602
10057600
10057599
10057598
10057597
10057596
10057595
10057594
10057593
10057592
10057591
10057590
10057589
10057588
10057587
10057586
10057585
10057584
10057583
10057582
10057581
10057580
10057579
10057578
10057577
10057576
10057575
10057574
10057573
10057572
10057571
10057570
10057569
10057568
10057567
10057566
10057565
10057564
10057563
10057562
10057561
10057560
10057559
10057558
10057557
10057556
10057555
10057554
10057553
10057552
10057551
10057550
10057549
10057548
10057547
10057546
10057545
10057544
10057543
10057542
10057541
10057540
10057539
10057538
10057537
10057536
10057535
10057534
10057533
10057532
10057531
10057530
10057529
10057528
10057527
10057526
10057525
10057524
10057523
10057519
10057506
10057505
10057504
10057503
10057502
10057501
10057500
10057499
10057498
10057497
10057496
10057495
10057494
10057493
10057492
10057491
10057490
10057489
10057488
10057487
10057485
10057484
10057482
10057481
10057480
10057479
10057478
10057477
10057475
10057474
10057472
10057471
10057470
10057455
10057454
10057453
10057452
10057451
10057450
10057449
10057448
10057447
10057446
10057445
10057444
10057443
10057442
10057441
10057440
10057439
10057438
10057437
10057436
10057435
10057434
10057433
10057432
10057431
10057430
10057429
10057428
10057427
10057426
10057425
10057424
10057423
10057422
10057421
10057420
10057419
10057418
10057417
10057416
10057415
10057414
10057413
10057412
10057411
10057410
10057409
10057408
10057407
10057406
10057405
10057404
10057403
10057402
10057401
10057400
10057399
10057398
10057397
10057396
10057395
10057394
10057393
10057392
10057391
10057390
10057389
10057388
10057387
10057386
10057385
10057384
10057383
10057382
10057381
10057380
10057379
10057378
10057377
10057376
10057375
10057374
10057373
10057372
10057371
10057370
10057369
10057368
10057367
10057366
10057365
10057364
10057363
10057362
10057361
10057360
10057359
10057358
10057357
10057356
10057355
10057354
10057353
10057352
10057351
10057350
10057349
10057348
10057347
10057346
10057345
10057344
10057343
10057342
10057341
10057340
10057339
10057338
10057337
10057336
10057335
10057334
10057333
10057332
10057331
10057330
10057329
10057328
10057327
10057326
10057325
10057324
10057323
10057322
10057321
10057320
10057319
10057318
10057317
10057316
10057315
10057314
10057313
10057312
10057311
10057310
10057309
10057308
10057307
10057306
10057305
10057304
10057303
10057302
10057301
10057300
10057299
10057298
10057297
10057296
10057295
10057294
10057293
10057292
10057291
10057290
10057289
10057288
10057287
10057286
10057285
10057284
10057283
10057282
10057281
10057280
10057279
10057278
10057277
10057276
10057275
10057274
10057273
10057272
10057271
10057270
10057269
10057268
10057267
10057266
10057265
10057264
10057263
10057262
10057261
10057260
10057259
10057258
10057257
10057256
10057255
10057254
10057253
10057237
10057236
10057235
10057234
10057233
10057232
10057231
10057230
10057229
10057228
10057227
10057226
10057225
10057224
10057193
10057192
10057191
10057190
10057189
10057188
10057187
10057186
10057185
10057184
10057183
10057182
10057181
10057180
10057175
10057174
10057173
10057172
10057171
10057170
10057169
10057168
10057167
10057166
10057165
10057164
10057162
10057161
10057160
10057155
10057154
10057153
10057152
10057130
10057129
10057128
10057127
10057116
10057115
10057114
10057113
10057112
10057111
10057110
10057109
10057108
10057107
10057106
10057105
10057104
10057102
10057101
10057100
10057099
10057098
10057097
10057096
10057095
10057094
10057093
10057092
10057091
10057090
10057089
10057088
10057087
10057086
10057085
10057084
10057083
10057082
10057081
10057072
10057071
10057070
10057069
10057068
10057067
10057066
10057065
10057063
10057062
10057061
10057060
10057059
10057058
10057057
10057056
10057055
10057054
10057053
10057052
10057051
10057050
10057049
10057045
10057044
10057043
10056978
10056977
10056974
10056972
10056971
10056969
10056966
10056965
10056964
10056963
10056959
10056958
10056956
10056955
10056954
10056953
10056952
10056951
10056948
10056947
10056946
10056945
10056944
10056943
10056941
10056939
10056938
10056937
10056936
10056935
10056933
10056932
10056931
10056930
10056929
10056928
10056926
10056925
10056924
10056923
10056922
10056921
10056920
10056919
10056918
10056916
10056915
10056914
10056913
10056912
10056911
10056910
10056909
10056908
10056907
10056906
10056905
10056904
10056903
10056902
10056901
10056900
10056899
10056898
10056897
10056896
10056895
10056894
10056893
10056892
10056891
10056890
10056889
10056888
10056887
10056886
10056885
10056884
10056883
10056882
10056881
10056880
10056879
10056878
10056877
10056876
10056875
10056874
10056873
10056872
10056871
10056870
10056869
10056868
10056867
10056866
10056865
10056864
10056746
10056745
10056744
10056743
10056742
10056741
10056740
10056739
10056738
10056736
10056735
10056734
10056733
10056732
10056727
10056726
10056725
10056724
10056677
10056676
10056675
10056674
10056673
10056672
10056671
10056670
10056669
10056668
10056667
10056666
10056665
10056664
10056663
10056662
10056661
10056660
10056659
10056658
10056617
10056616
10056615
10056614
10056546
10056526
10056525
10056524
10056523
10056522
10056521
10056494
10056485
10056484
10056483
10056482
10056481
10056480
10056479
10056478
10056477
10056476
10056475
10056474
10056473
10056472
10056471
10056470
10056469
10056468
10056467
10056466
10056465
10056464
10056463
10056462
10056451
10056450
10056449
10056448
10056447
10056446
10056445
10056444
10056443
10056442
10056441
10056440
10056439
10056438
10056437
10056436
10056435
10056434
10056433
10056432
10056431
10056430
10056429
10056428
10056427
10056425
10056424
10056423
10056422
10056421
10056420
10056419
10056418
10056417
10056416
10056415
10056414
10056413
10056412
10056411
10056410
10056409
10056408
10056407
10056406
10056405
10056404
10056403
10056402
10056401
10056400
10056399
10056398
10056397
10056396
10056395
10056394
10056393
10056392
10056391
10056390
10056389
10056388
10056387
10056386
10056385
10056384
10056383
10056382
10056381
10056380
10056379
10056378
10056377
10056376
10056375
10056374
10056373
10056372
10056371
10056370
10056369
10056368
10056367
10056366
10056365
10056364
10056363
10056362
10056361
10056326
10056325
10056324
10056320
10056319
10056318
10056317
10056316
10056307
10056306
10056305
10056304
10056303
10056298
10056297
10056296
10056295
10056147
10056146
10056145
10056144
10056143
10056142
10056141
10056140
10056139
10056138
10056137
10056136
10056135
10056134
10056133
10056132
10056131
10056130
10056129
10056128
10056089
10056086
10056084
10056083
10056081
10056080
10056079
10056078
10056077
10056076
10056075
10056033
10056032
10056031
10056030
10056029
10056028
10056027
10056026
10056025
10056024
10056023
10056022
10056021
10056020
10056019
10056018
10056017
10056016
10056015
10056014
10056013
10056012
10056011
10056010
10056009
10056008
10056007
10056006
10056005
10056004
10056003
10056002
10056001
10056000
10055988
10055987
10055986
10055951
10055950
10055949
10055948
10055947
10055946
10055945
10055944
10055943
10055942
10055941
10055940
10055939
10055938
10055937
10055936
10055919
10055918
10055917
10055916
10055915
10055914
10055913
10055912
10055911
10055910
10055909
10055908
10055907
10055906
10055905
10055904
10055903
10055902
10055901
10055900
10055899
10055898
10055897
10055896
10055895
10055894
10055893
10055892
10055891
10055890
10055889
10055888
10055887
10055886
10055885
10055884
10055883
10055882
10055881
10055880
10055879
10055878
10055877
10055876
10055875
10055874
10055873
10055872
10055871
10055870
10055869
10055868
10055867
10055866
10055865
10055864
10055863
10055862
10055861
10055860
10055859
10055858
10055857
10055856
10055855
10055854
10055853
10055852
10055851
10055850
10055849
10055848
10055847
10055846
10055845
10055844
10055843
10055842
10055841
10055840
10055839
10055838
10055837
10055836
10055835
10055834
10055833
10055832
10055831
10055830
10055829
10055828
10055827
10055826
10055825
10055824
10055823
10055822
10055821
10055820
10055819
10055818
10055817
10055816
10055815
10055814
10055813
10055812
10055811
10055810
10055809
10055808
10055807
10055806
10055805
10055804
10055803
10055802
10055801
10055800
10055799
10055798
10055797
10055796
10055795
10055794
10055793
10055792
10055737
10055736
10055735
10055734
10055733
10055732
10055729
10055728
10055727
10055669
10055668
10055667
10055666
10055665
10055664
10055663
10055662
10055661
10055660
10055659
10055658
10055657
10055656
10055655
10055654
10055653
10055652
10055651
10055650
10055649
10055648
10055647
10055646
10055645
10055644
10055643
10055642
10055641
10055640
10055639
10055638
10055637
10055636
10055635
10055634
10055633
10055632
10055631
10055630
10055629
10055628
10055627
10055626
10055625
10055624
10055623
10055622
10055621
10055620
10055619
10055618
10055617
10055616
10055615
10055614
10055613
10055612
10055611
10055610
10055609
10055608
10055607
10055606
10055605
10055604
10055603
10055602
10055601
10055600
10055599
10055598
10055597
10055596
10055595
10055594
10055593
10055592
10055591
10055590
10055589
10055588
10055587
10055586
10055585
10055584
10055583
10055582
10055581
10055580
10055579
10055578
10055577
10055576
10055575
10055574
10055573
10055572
10055571
10055570
10055569
10055568
10055567
10055566
10055565
10055564
10055563
10055562
10055561
10055560
10055559
10055558
10055557
10055556
10055555
10055554
10055527
10055526
10055525
10055524
10055523
10055522
10055521
10055520
10055519
10055518
10055517
10055501
10055499
10055498
10055497
10055496
10055495
10055494
10055493
10055492
10055491
10055490
10055438
10055437
10055436
10055435
10055433
10055432
10055431
10055430
10055429
10055428
10055427
10055426
10055425
10055424
10055423
10055422
10055421
10055420
10055419
10055418
10055417
10055416
10055415
10055414
10055413
10055412
10055411
10055386
10055385
10055384
10055369
10055368
10055367
10055366
10055365
10055364
10055363
10055362
10055361
10055360
10055359
10055358
10055357
10055351
10055350
10055349
10055348
10055347
10055346
10055345
10055344
10055343
10055342
10055341
10055340
10055339
10055338
10055331
10055330
10055329
10055328
10055327
10055326
10055325
10055324
10055323
10055322
10055321
10055320
10055319
10055318
10055317
10055316
10055315
10055314
10055313
10055312
10055311
10055310
10055309
10055308
10055307
10055306
10055305
10055304
10055303
10055302
10055207
10055206
10055205
10055204
10055203
10055202
10055201
10055200
10055199
10055198
10055197
10055196
10055195
10055194
10055193
10055192
10055191
10055190
10055189
10055188
10055187
10055186
10055185
10055184
10055183
10055182
10055181
10055174
10055173
10055172
10055171
10055170
10055169
10055167
10055166
10055165
10055164
10055163
10055162
10055161
10055160
10055159
10055158
10055157
10055156
10055155
10055154
10055153
10055152
10055151
10055150
10055149
10055148
10055147
10055146
10055145
10055144
10055143
10055142
10055141
10055140
10055139
10055138
10055077
10055076
10055075
10055074
10055073
10055072
10055071
10055070
10055069
10055068
10055067
10055066
10055065
10055064
10055063
10055062
10055061
10055060
10055059
10055058
10055057
10055056
10054911
10054910
10054909
10054908
10054907
10054906
10054905
10054904
10054903
10054902
10054901
10054900
10054899
10054898
10054897
10054896
10054895
10054894
10054893
10054892
10054891
10054890
10054889
10054888
10054887
10054886
10054885
10054884
10054883
10054882
10054881
10054880
10054879
10054878
10054877
10054876
10054875
10054874
10054873
10054872
10054871
10054870
10054869
10054868
10054867
10054866
10054865
10054864
10054863
10054862
10054861
10054860
10054859
10054858
10054857
10054856
10054855
10054854
10054853
10054852
10054851
10054850
10054849
10054848
10054847
10054846
10054845
10054844
10054843
10054842
10054841
10054840
10054839
10054838
10054837
10054836
10054835
10054834
10054833
10054832
10054831
10054830
10054784
10054783
10054782
10054781
10054780
10054779
10054778
10054777
10054776
10054775
10054774
10054773
10054772
10054771
10054770
10054769
10054768
10054767
10054766
10054765
10054764
10054763
10054762
10054761
10054760
10054759
10054758
10054757
10054756
10054755
10054754
10054753
10054752
10054751
10054750
10054749
10054748
10054747
10054746
10054745
10054744
10054743
10054742
10054741
10054740
10054739
10054738
10054737
10054735
10054734
10054733
10054732
10054731
10054730
10054729
10054728
10054727
10054726
10054725
10054724
10054723
10054722
10054721
10054720
10054719
10054718
10054717
10054716
10054715
10054714
10054713
10054712
10054711
10054710
10054709
10054708
10054707
10054706
10054705
10054704
10054703
10054702
10054701
10054700
10054679
10054678
10054677
10054676
10054675
10054674
10054673
10054672
10054671
10054670
10054669
10054668
10054667
10054659
10054658
10054657
10054656
10054655
10054654
10054653
10054652
10054651
10054650
10054649
10054648
10054647
10054646
10054639
10054638
10054637
10054636
10054635
10054634
10054633
10054632
10054631
10054588
10054587
10054586
10054585
10054584
10054583
10054582
10054581
10054580
10054579
10054577
10054576
10054575
10054574
10054573
10054571
10054570
10054569
10054568
10054567
10054566
10054561
10054559
10054545
10054544
10054543
10054542
10054541
10054540
10054539
10054538
10054537
10054536
10054535
10054534
10054533
10054532
10054531
10054530
10054529
10054528
10054527
10054526
10054525
10054524
10054523
10054498
10054497
10054496
10054481
10054480
10054479
10054478
10054477
10054476
10054475
10054474
10054473
10054472
10054471
10054470
10054469
10054468
10054467
10054466
10054465
10054464
10054463
10054462
10054461
10054460
10054459
10054458
10054457
10054456
10054455
10054454
10054453
10054452
10054451
10054450
10054449
10054448
10054447
10054446
10054445
10054374
10054368
10054367
10054366
10054365
10054364
10054363
10054362
10054361
10054360
10054359
10054358
10054357
10054356
10054355
10054354
10054353
10054352
10054351
10054319
10054318
10054317
10054316
10054315
10054314
10054313
10054312
10054304
10054303
10054302
10054301
10054300
10054299
10054298
10054297
10054280
10054279
10054278
10054277
10054276
10054275
10054274
10054273
10054272
10054271
10054270
10054269
10054268
10054267
10054266
10054265
10054264
10054263
10054262
10054261
10054260
10054259
10054258
10054243
10054242
10054241
10054240
10054239
10054238
10054237
10054236
10054222
10054221
10054220
10054219
10054218
10054217
10054216
10054215
10054214
10054213
10054212
10054211
10054210
10054209
10054208
10054207
10054206
10054205
10054204
10054203
10054202
10054201
10054200
10054199
10054198
10054197
10054196
10054195
10054194
10054193
10054192
10054191
10054190
10054189
10054188
10054187
10054186
10054185
10054184
10054183
10054182
10054181
10054180
10054179
10054178
10054177
10054176
10054175
10054164
10054163
10054162
10054161
10054160
10054159
10054158
10054157
10054156
10054155
10054153
10054152
10054151
10054150
10054149
10054148
10054147
10054146
10054116
10053972
10053971
10053970
10053969
10053968
10053967
10053966
10053965
10053964
10053963
10053962
10053961
10053960
10053959
10053958
10053957
10053956
10053955
10053954
10053953
10053952
10053951
10053950
10053928
10053822
10053821
10053820
10053819
10053818
10053817
10053816
10053815
10053814
10053813
10053812
10053811
10053810
10053809
10053808
10053807
10053806
10053805
10053804
10053803
10053802
10053801
10053800
10053799
10053798
10053797
10053796
10053795
10053794
10053793
10053792
10053791
10053790
10053789
10053788
10053787
10053786
10053785
10053784
10053783
10053782
10053781
10053780
10053779
10053777
10053776
10053775
10053774
10053773
10053772
10053771
10053770
10053769
10053768
10053767
10053766
10053765
10053764
10053763
10053762
10053761
10053760
10053759
10053758
10053757
10053756
10053755
10053754
10053753
10053752
10053751
10053750
10053749
10053748
10053747
10053746
10053745
10053744
10053743
10053742
10053741
10053740
10053739
10053738
10053737
10053736
10053735
10053734
10053733
10053732
10053731
10053730
10053729
10053728
10053727
10053703
10053653
10053652
10053651
10053650
10053649
10053648
10053647
10053646
10053645
10053644
10053643
10053642
10053641
10053640
10053639
10053638
10053637
10053636
10053635
10053634
10053633
10053632
10053631
10053630
10053629
10053628
10053627
10053626
10053625
10053624
10053623
10053622
10053621
10053620
10053619
10053618
10053617
10053616
10053615
10053614
10053613
10053612
10053611
10053610
10053609
10053608
10053607
10053606
10053605
10053604
10053603
10053602
10053590
10053589
10053588
10053587
10053586
10053585
10053584
10053583
10053582
10053581
10053580
10053579
10053578
10053577
10053576
10053575
10053574
10053573
10053572
10053571
10053570
10053569
10053568
10053567
10053566
10053565
10053564
10053563
10053562
10053561
10053560
10053559
10053558
10053557
10053556
10053555
10053554
10053553
10053552
10053551
10053550
10053549
10053548
10053547
10053546
10053545
10053544
10053543
10053542
10053541
10053540
10053539
10053538
10053537
10053536
10053535
10053534
10053533
10053532
10053531
10053530
10053529
10053528
10053527
10053526
10053525
10053524
10053523
10053522
10053521
10053520
10053519
10053518
10053517
10053516
10053515
10053514
10053513
10053512
10053511
10053494
10053493
10053492
10053486
10053485
10053484
10053483
10053482
10053481
10053480
10053479
10053474
10053473
10053468
10053467
10053466
10053465
10053464
10053463
10053462
10053461
10053460
10053459
10053458
10053457
10053456
10053455
10053454
10053453
10053452
10053451
10053450
10053449
10053448
10053447
10053446
10053445
10053444
10053443
10053442
10053441
10053440
10053439
10053438
10053437
10053436
10053435
10053434
10053433
10053431
10053430
10053429
10053428
10053427
10053426
10053425
10053424
10053423
10053422
10053421
10053420
10053419
10053418
10053417
10053416
10053415
10053414
10053413
10053412
10053411
10053410
10053409
10053408
10053407
10053406
10053405
10053404
10053403
10053402
10053401
10053400
10053399
10053398
10053397
10053396
10053395
10053394
10053393
10053392
10053391
10053390
10053389
10053388
10053387
10053386
10053385
10053384
10053383
10053382
10053381
10053380
10053379
10053378
10053377
10053376
10053375
10053374
10053373
10053372
10053371
10053370
10053369
10053368
10053367
10053366
10053365
10053364
10053363
10053362
10053361
10053360
10053359
10053358
10053357
10053356
10053355
10053354
10053353
10053352
10053351
10053350
10053349
10053348
10053347
10053346
10053345
10053344
10053343
10053342
10053341
10053340
10053339
10053338
10053337
10053336
10053335
10053334
10053333
10053332
10053331
10053330
10053329
10053328
10053327
10053326
10053325
10053323
10053322
10053321
10053320
10053319
10053318
10053317
10053316
10053315
10053314
10053313
10053312
10053311
10053310
10053309
10053307
10053306
10053305
10053304
10053303
10053302
10053301
10053300
10053299
10053298
10053297
10053296
10053295
10053294
10053293
10053292
10053291
10053290
10053289
10053288
10053287
10053286
10053285
10053284
10053283
10053282
10053281
10053280
10053279
10053278
10053277
10053276
10053275
10053274
10053273
10053272
10053271
10053270
10053247
10053246
10053245
10053244
10053243
10053242
10053241
10053240
10053239
10053238
10053237
10053236
10053235
10053234
10053233
10053232
10053231
10053219
10053218
10053217
10053216
10053215
10053214
10053213
10053212
10053211
10053210
10053209
10053208
10053207
10053206
10053205
10053204
10053203
10053202
10053201
10053200
10053199
10053198
10053197
10053196
10053195
10053194
10053193
10053192
10053191
10053190
10053189
10053188
10053187
10053154
10053153
10053152
10053151
10053150
10053149
10053148
10053147
10053146
10053145
10053144
10053143
10053142
10053141
10053140
10053139
10053138
10053137
10053136
10053135
10053134
10053133
10053132
10053131
10053130
10053129
10053128
10053127
10053126
10053125
10053123
10053122
10053117
10053116
10053096
10053095
10053094
10053093
10053092
10053091
10053090
10053089
10053088
10053087
10053086
10053085
10053084
10053055
10053054
10053053
10053052
10053051
10053050
10053049
10053045
10053044
10053043
10052994
10052993
10052992
10052991
10052990
10052989
10052988
10052987
10052986
10052985
10052984
10052983
10052982
10052981
10052980
10052979
10052978
10052977
10052976
10052975
10052974
10052973
10052972
10052971
10052970
10052969
10052968
10052967
10052966
10052965
10052964
10052963
10052962
10052961
10052960
10052959
10052958
10052905
10052904
10052903
10052902
10052901
10052900
10052899
10052898
10052897
10052896
10052895
10052894
10052893
10052892
10052891
10052890
10052889
10052888
10052887
10052886
10052885
10052884
10052883
10052882
10052881
10052880
10052879
10052878
10052877
10052876
10052875
10052874
10052873
10052872
10052871
10052870
10052869
10052868
10052867
10052866
10052865
10052864
10052863
10052862
10052861
10052857
10052856
10052855
10052854
10052853
10052852
10052851
10052850
10052849
10052848
10052847
10052846
10052845
10052844
10052843
10052842
10052841
10052840
10052839
10052838
10052837
10052836
10052835
10052834
10052833
10052832
10052831
10052830
10052826
10052825
10052824
10052823
10052822
10052821
10052820
10052819
10052818
10052817
10052816
10052815
10052814
10052813
10052812
10052811
10052810
10052809
10052808
10052807
10052806
10052805
10052804
10052803
10052802
10052801
10052800
10052799
10052798
10052797
10052796
10052795
10052794
10052793
10052792
10052791
10052790
10052789
10052788
10052787
10052786
10052785
10052784
10052783
10052782
10052781
10052780
10052779
10052778
10052777
10052776
10052775
10052774
10052773
10052772
10052771
10052770
10052769
10052768
10052767
10052766
10052765
10052764
10052763
10052762
10052761
10052760
10052759
10052758
10052757
10052756
10052755
10052754
10052753
10052752
10052751
10052750
10052749
10052748
10052747
10052746
10052745
10052744
10052743
10052742
10052741
10052740
10052739
10052738
10052737
10052736
10052735
10052734
10052733
10052732
10052731
10052730
10052729
10052728
10052727
10052726
10052725
10052724
10052723
10052650
10052649
10052648
10052647
10052646
10052645
10052644
10052643
10052642
10052627
10052626
10052625
10052624
10052623
10052622
10052621
10052620
10052619
10052618
10052617
10052616
10052615
10052614
10052613
10052612
10052611
10052610
10052609
10052608
10052607
10052606
10052604
10052598
10052597
10052596
10052595
10052594
10052593
10052592
10052591
10052590
10052589
10052588
10052587
10052586
10052585
10052584
10052583
10052582
10052581
10052580
10052579
10052578
10052577
10052576
10052575
10052574
10052573
10052572
10052571
10052570
10052569
10052568
10052567
10052566
10052557
10052556
10052555
10052554
10052551
10052550
10052549
10052548
10052500
10052499
10052498
10052497
10052488
10052446
10052417
10052416
10052415
10052414
10052413
10052412
10052411
10052410
10052409
10052408
10052407
10052406
10052405
10052404
10052403
10052402
10052401
10052400
10052399
10052334
10052333
10052332
10052331
10052330
10052329
10052328
10052327
10052326
10052325
10052324
10052323
10052322
10052321
10052320
10052319
10052318
10052317
10052316
10052315
10052314
10052313
10052312
10052311
10052310
10052309
10052308
10052307
10052306
10052305
10052304
10052303
10052302
10052301
10052300
10052299
10052298
10052297
10052296
10052295
10052294
10052293
10052292
10052291
10052290
10052289
10052288
10052287
10052286
10052285
10052284
10052283
10052282
10052281
10052280
10052279
10052278
10052277
10052276
10052275
10052274
10052273
10052272
10052246
10052245
10052244
10052243
10052242
10052241
10052240
10052239
10052238
10052237
10052236
10052235
10052234
10052233
10052232
10052231
10052230
10052229
10052228
10052227
10052226
10052225
10052224
10052223
10052222
10052221
10052220
10052219
10052218
10052217
10052216
10052215
10052214
10052213
10052212
10052211
10052210
10052209
10052208
10052207
10052206
10052205
10052127
10052126
10052125
10052124
10052123
10052122
10052121
10052120
10052119
10052118
10052117
10052116
10052115
10052114
10052113
10052112
10052111
10052110
10052109
10052108
10052105
10052104
10052099
10052098
10052097
10052096
10052095
10052094
10052093
10052028
10052027
10052026
10052025
10052024
10052023
10052022
10052021
10052020
10052019
10052018
10052017
10052016
10052015
10052014
10052013
10052012
10052011
10052010
10052009
10052008
10052007
10052006
10052003
10052002
10052001
10052000
10051999
10051998
10051997
10051959
10051958
10051957
10051956
10051955
10051954
10051940
10051939
10051938
10051937
10051936
10051935
10051934
10051933
10051932
10051931
10051930
10051929
10051928
10051927
10051926
10051925
10051924
10051923
10051922
10051921
10051920
10051919
10051918
10051917
10051916
10051915
10051914
10051913
10051912
10051911
10051910
10051909
10051908
10051907
10051906
10051905
10051904
10051903
10051902
10051901
10051900
10051899
10051898
10051896
10051895
10051894
10051893
10051892
10051891
10051890
10051889
10051888
10051887
10051886
10051885
10051884
10051883
10051882
10051881
10051880
10051879
10051878
10051877
10051876
10051875
10051874
10051873
10051872
10051871
10051870
10051869
10051868
10051867
10051866
10051865
10051864
10051863
10051862
10051861
10051860
10051859
10051858
10051857
10051856
10051855
10051854
10051853
10051852
10051851
10051850
10051849
10051848
10051847
10051846
10051845
10051844
10051843
10051842
10051841
10051840
10051839
10051838
10051837
10051836
10051835
10051834
10051833
10051832
10051831
10051830
10051829
10051828
10051827
10051826
10051825
10051824
10051823
10051822
10051821
10051820
10051819
10051818
10051817
10051816
10051815
10051814
10051813
10051812
10051811
10051810
10051809
10051808
10051807
10051806
10051805
10051804
10051803
10051802
10051801
10051800
10051799
10051798
10051797
10051796
10051795
10051794
10051793
10051792
10051791
10051790
10051789
10051788
10051787
10051786
10051785
10051784
10051783
10051782
10051781
10051780
10051779
10051778
10051777
10051776
10051775
10051774
10051773
10051772
10051771
10051770
10051769
10051768
10051767
10051766
10051765
10051764
10051763
10051762
10051761
10051760
10051753
10051752
10051668
10051667
10051666
10051665
10051664
10051663
10051662
10051661
10051660
10051659
10051658
10051657
10051656
10051655
10051654
10051653
10051652
10051651
10051642
10051641
10051640
10051639
10051638
10051637
10051636
10051633
10051632
10051631
10051630
10051629
10051628
10051627
10051626
10051625
10051624
10051623
10051606
10051605
10051604
10051603
10051602
10051601
10051600
10051599
10051598
10051597
10051596
10051595
10051594
10051593
10051592
10051591
10051590
10051589
10051588
10051587
10051586
10051585
10051584
10051583
10051579
10051578
10051576
10051575
10051574
10051573
10051568
10051567
10051566
10051565
10051564
10051563
10051562
10051561
10051560
10051559
10051558
10051557
10051548
10051547
10051546
10051545
10051542
10051541
10051540
10051539
10051538
10051537
10051536
10051535
10051534
10051533
10051421
10051420
10051419
10051418
10051402
10051401
10051400
10051399
10051398
10051397
10051396
10051395
10051394
10051393
10051392
10051391
10051390
10051389
10051388
10051387
10051386
10051385
10051384
10051383
10051382
10051381
10051380
10051379
10051377
10051374
10051373
10051372
10051371
10051266
10051265
10051264
10051263
10051262
10051261
10051260
10051259
10051258
10051257
10051256
10051255
10051254
10051253
10051225
10051224
10051223
10051222
10051221
10051220
10051219
10051218
10051217
10051216
10051215
10051214
10051213
10051212
10051211
10051210
10051209
10051208
10051207
10051206
10051205
10051204
10051203
10051202
10051201
10051200
10051199
10051198
10051197
10051196
10051195
10051194
10051193
10051192
10051191
10051190
10051189
10051188
10051187
10051185
10051184
10051181
10051180
10051179
10051178
10051177
10051176
10051175
10051174
10051173
10051172
10051171
10051170
10051169
10051168
10051167
10051166
10051165
10051164
10051163
10051162
10051161
10051160
10051159
10051158
10051130
10051129
10051128
10051127
10051126
10051125
10051124
10051123
10051122
10051121
10051120
10051119
10051028
10051027
10051026
10051025
10050994
10050993
10050992
10050991
10050990
10050989
10050988
10050987
10050986
10050985
10050984
10050983
10050982
10050981
10050980
10050979
10050970
10050969
10050968
10050902
10050901
10050900
10050899
10050898
10050897
10050896
10050895
10050894
10050893
10050892
10050891
10050890
10050889
10050888
10050887
10050886
10050885
10050884
10050883
10050882
10050881
10050880
10050879
10050878
10050877
10050876
10050875
10050874
10050873
10050872
10050871
10050870
10050869
10050868
10050867
10050866
10050865
10050864
10050863
10050862
10050861
10050860
10050859
10050858
10050857
10050856
10050855
10050854
10050853
10050852
10050851
10050850
10050849
10050848
10050847
10050846
10050845
10050844
10050843
10050842
10050841
10050840
10050839
10050838
10050837
10050836
10050835
10050834
10050833
10050832
10050831
10050830
10050829
10050828
10050827
10050826
10050825
10050824
10050823
10050822
10050821
10050820
10050808
10050807
10050806
10050805
10050664
10050663
10050662
10050661
10050660
10050659
10050658
10050657
10050656
10050655
10050654
10050653
10050652
10050651
10050650
10050649
10050648
10050647
10050646
10050645
10050616
10050615
10050614
10050613
10050612
10050611
10050610
10050609
10050608
10050607
10050606
10050605
10050604
10050603
10050602
10050601
10050600
10050599
10050598
10050597
10050596
10050595
10050594
10050593
10050592
10050591
10050590
10050574
10050573
10050572
10050571
10050570
10050569
10050568
10050567
10050566
10050565
10050564
10050563
10050562
10050561
10050560
10050559
10050558
10050548
10050547
10050546
10050545
10050544
10050543
10050542
10050541
10050540
10050539
10050538
10050537
10050536
10050535
10050534
10050533
10050532
10050531
10050530
10050529
10050528
10050527
10050526
10050525
10050524
10050523
10050522
10050521
10050520
10050519
10050498
10050480
10050479
10050478
10050477
10050360
10050359
10050358
10050357
10050356
10050355
10050354
10050353
10050352
10050351
10050350
10050349
10050348
10050347
10050346
10050345
10050344
10050343
10050342
10050341
10050340
10050339
10050338
10050337
10050336
10050335
10050334
10050333
10050332
10050331
10050330
10050329
10050328
10050327
10050326
10050325
10050324
10050323
10050322
10050321
10050320
10050319
10050318
10050317
10050316
10050315
10050314
10050313
10050312
10050311
10050310
10050309
10050308
10050307
10050306
10050305
10050304
10050303
10050302
10050301
10050300
10050299
10050298
10050297
10050296
10050295
10050294
10050293
10050292
10050291
10050290
10050289
10050288
10050287
10050286
10050285
10050284
10050283
10050282
10050281
10050280
10050279
10050278
10050277
10050276
10050275
10050274
10050273
10050272
10050271
10050270
10050269
10050268
10050267
10050266
10050265
10050264
10050263
10050262
10050261
10050220
10050219
10050218
10050217
10050216
10050215
10050214
10050213
10050212
10050211
10050210
10050209
10050208
10050207
10050206
10050205
10050204
10050203
10050202
10050201
10050200
10050199
10050198
10050197
10050196
10050194
10050193
10050191
10050190
10050189
10050174
10050173
10050172
10050167
10050166
10050165
10050164
10050163
10050162
10050161
10050160
10050159
10050158
10050157
10050156
10050155
10050154
10050153
10050152
10050151
10050150
10050149
10050148
10050140
10050139
10050138
10050137
10050136
10050135
10050134
10050133
10050132
10050131
10050130
10050129
10050128
10050127
10050126
10050125
10050124
10050123
10050122
10050121
10050120
10050119
10050118
10050117
10050116
10050092
10050091
10050090
10050089
10050068
10050067
10050066
10050065
10050064
10050063
10050062
10050061
10050060
10050059
10050058
10050057
10050056
10050041
10050040
10050039
10050038
10050037
10050036
10050035
10050034
10050033
10049968
10049967
10049966
10049965
10049964
10049963
10049962
10049961
10049960
10049959
10049958
10049957
10049956
10049955
10049954
10049953
10049952
10049951
10049950
10049949
10049948
10049947
10049946
10049945
10049943
10049942
10049934
10049932
10049931
10049930
10049929
10049928
10049927
10049926
10049925
10049924
10049923
10049922
10049921
10049920
10049919
10049918
10049917
10049916
10049915
10049914
10049913
10049912
10049911
10049910
10049909
10049908
10049907
10049906
10049905
10049904
10049903
10049902
10049901
10049874
10049873
10049872
10049871
10049870
10049869
10049868
10049867
10049866
10049865
10049864
10049863
10049862
10049861
10049860
10049859
10049858
10049857
10049856
10049855
10049854
10049853
10049852
10049851
10049850
10049849
10049848
10049847
10049846
10049845
10049844
10049828
10049827
10049826
10049825
10049824
10049823
10049822
10049821
10049820
10049819
10049818
10049817
10049816
10049815
10049814
10049813
10049812
10049811
10049810
10049809
10049808
10049807
10049806
10049805
10049804
10049803
10049802
10049801
10049800
10049799
10049798
10049797
10049796
10049795
10049794
10049793
10049792
10049791
10049790
10049789
10049788
10049787
10049786
10049785
10049784
10049783
10049782
10049781
10049780
10049779
10049778
10049777
10049776
10049775
10049774
10049773
10049772
10049771
10049770
10049769
10049768
10049767
10049766
10049765
10049764
10049763
10049762
10049761
10049760
10049759
10049758
10049757
10049756
10049755
10049754
10049753
10049752
10049751
10049750
10049749
10049748
10049747
10049746
10049745
10049744
10049743
10049742
10049741
10049740
10049739
10049738
10049737
10049736
10049735
10049734
10049733
10049732
10049731
10049730
10049729
10049728
10049727
10049726
10049725
10049724
10049723
10049722
10049721
10049720
10049719
10049718
10049717
10049716
10049715
10049714
10049713
10049712
10049711
10049710
10049709
10049708
10049707
10049706
10049705
10049704
10049703
10049702
10049701
10049700
10049699
10049698
10049697
10049696
10049695
10049694
10049693
10049692
10049691
10049690
10049689
10049688
10049687
10049686
10049685
10049684
10049683
10049682
10049681
10049680
10049679
10049678
10049677
10049676
10049675
10049674
10049673
10049672
10049671
10049670
10049669
10049668
10049667
10049666
10049665
10049664
10049663
10049662
10049660
10049659
10049658
10049657
10049656
10049655
10049654
10049653
10049652
10049651
10049650
10049649
10049648
10049647
10049646
10049645
10049644
10049643
10049642
10049641
10049640
10049639
10049638
10049637
10049636
10049635
10049634
10049633
10049632
10049631
10049630
10049629
10049628
10049627
10049626
10049625
10049624
10049623
10049622
10049621
10049620
10049619
10049618
10049617
10049616
10049615
10049614
10049613
10049612
10049611
10049610
10049609
10049608
10049580
10049579
10049578
10049577
10049576
10049575
10049574
10049558
10049557
10049556
10049555
10049554
10049553
10049552
10049551
10049550
10049549
10049548
10049547
10049546
10049539
10049538
10049537
10049536
10049535
10049534
10049533
10049532
10049531
10049530
10049529
10049528
10049527
10049526
10049525
10049524
10049523
10049522
10049521
10049520
10049519
10049518
10049517
10049516
10049515
10049511
10049510
10049509
10049508
10049507
10049506
10049505
10049504
10049503
10049502
10049501
10049500
10049499
10049498
10049497
10049496
10049495
10049494
10049493
10049492
10049491
10049490
10049489
10049488
10049487
10049486
10049485
10049484
10049483
10049482
10049481
10049472
10049471
10049470
10049469
10049468
10049467
10049466
10049465
10049274
10049273
10049272
10049271
10049270
10049269
10049268
10049267
10049266
10049265
10049225
10049224
10049223
10049222
10049221
10049220
10049219
10049218
10049217
10049216
10049215
10049214
10049213
10049212
10049211
10049210
10049209
10049208
10049207
10049206
10049205
10049204
10049203
10049202
10049201
10049200
10049199
10049198
10049197
10049196
10049195
10049194
10049193
10049192
10049191
10049190
10049189
10049188
10049187
10049186
10049185
10049184
10049183
10049182
10049181
10049131
10049130
10049129
10049128
10049127
10049126
10049125
10049124
10049123
10049122
10049121
10049112
10049111
10049110
10049109
10049108
10049107
10049106
10049105
10049104
10049103
10049102
10049101
10049100
10049099
10049098
10049097
10049096
10049095
10049094
10049093
10049092
10049091
10049090
10049089
10049088
10049087
10049086
10049085
10049084
10049083
10049082
10049081
10049080
10049079
10049078
10049077
10049076
10049075
10049074
10049073
10049072
10049071
10049070
10049069
10049068
10049067
10049066
10049065
10049064
10049063
10049062
10049061
10049060
10049059
10049058
10049057
10049056
10049055
10049054
10049053
10049052
10049051
10049050
10049049
10049048
10049047
10049046
10049045
10049044
10049043
10049042
10048928
10048927
10048865
10048864
10048863
10048862
10048861
10048860
10048859
10048858
10048857
10048856
10048855
10048854
10048853
10048852
10048851
10048850
10048849
10048848
10048847
10048846
10048845
10048844
10048818
10048817
10048816
10048815
10048814
10048813
10048812
10048811
10048810
10048809
10048808
10048807
10048806
10048805
10048804
10048803
10048802
10048801
10048800
10048799
10048798
10048797
10048796
10048795
10048794
10048793
10048792
10048791
10048790
10048789
10048788
10048787
10048786
10048785
10048784
10048783
10048782
10048781
10048780
10048779
10048778
10048777
10048776
10048775
10048774
10048773
10048772
10048771
10048770
10048769
10048768
10048767
10048766
10048765
10048764
10048763
10048762
10048761
10048760
10048759
10048758
10048757
10048756
10048755
10048754
10048753
10048752
10048751
10048750
10048749
10048748
10048747
10048685
10048684
10048683
10048682
10048681
10048680
10048679
10048678
10048677
10048676
10048675
10048674
10048673
10048645
10048644
10048643
10048612
10048611
10048610
10048561
10048456
10048455
10048454
10048426
10048423
10048422
10048421
10048420
10048353
10048352
10048351
10048350
10048349
10048348
10048347
10048346
10048345
10048344
10048343
10048342
10048341
10048340
10048339
10048338
10048337
10048336
10048335
10048329
10048328
10048327
10048326
10048325
10048324
10048323
10048322
10048321
10048320
10048319
10048318
10048317
10048316
10048315
10048314
10048313
10048312
10048311
10048310
10048309
10048308
10048307
10048306
10048305
10048304
10048303
10048302
10048301
10048300
10048299
10048298
10048297
10048296
10048295
10048294
10048293
10048292
10048291
10048290
10048289
10048288
10048287
10048286
10048285
10048284
10048283
10048282
10048281
10048280
10048279
10048278
10048277
10048276
10048275
10048274
10048273
10048272
10048271
10048270
10048269
10048268
10048267
10048266
10048265
10048264
10048263
10048262
10048261
10048260
10048259
10048258
10048257
10048256
10048255
10048254
10048253
10048252
10048251
10048250
10048249
10048248
10048247
10048246
10048245
10048244
10048223
10048222
10048221
10048220
10048219
10048218
10048217
10048216
10048207
10048206
10048205
10048204
10048203
10048202
10048201
10048200
10048199
10048198
10048197
10048196
10048195
10048194
10048193
10048191
10048190
10048189
10048188
10048187
10048186
10048185
10048184
10048183
10048182
10048181
10048180
10048179
10048178
10048167
10048166
10048165
10048164
10048163
10048162
10048161
10048160
10048159
10048158
10048157
10048156
10048155
10048154
10048153
10048152
10048151
10048150
10048149
10048113
10048112
10048111
10048110
10048109
10048108
10048107
10048106
10048105
10048104
10048103
10048102
10048101
10048100
10048099
10048098
10048097
10048096
10048095
10048094
10048093
10048092
10048091
10048090
10048089
10048088
10048087
10048086
10048085
10048084
10048083
10048082
10048081
10048080
10048079
10048078
10048077
10048076
10048075
10048074
10048073
10048072
10048071
10048070
10048037
10048036
10048035
10048034
10048033
10048032
10048031
10048030
10048029
10048028
10048027
10048026
10048025
10048024
10048023
10048022
10048021
10048020
10048019
10048018
10048017
10048016
10048015
10048014
10048013
10048012
10048011
10048010
10048009
10048008
10048007
10048006
10048005
10048004
10048003
10048002
10048001
10048000
10047999
10047998
10047997
10047996
10047995
10047994
10047993
10047992
10047991
10047990
10047989
10047973
10047972
10047971
10047970
10047969
10047968
10047967
10047952
10047951
10047950
10047949
10047948
10047947
10047946
10047944
10047943
10047942
10047941
10047940
10047939
10047938
10047937
10047936
10047935
10047934
10047933
10047932
10047931
10047930
10047929
10047928
10047927
10047926
10047925
10047924
10047923
10047922
10047902
10047901
10047900
10047899
10047898
10047897
10047896
10047895
10047894
10047893
10047892
10047891
10047890
10047889
10047888
10047887
10047886
10047885
10047884
10047883
10047882
10047881
10047880
10047879
10047865
10047864
10047863
10047862
10047861
10047860
10047859
10047858
10047857
10047856
10047759
10047758
10047757
10047756
10047755
10047754
10047753
10047752
10047751
10047750
10047749
10047747
10047746
10047745
10047744
10047743
10047742
10047741
10047740
10047739
10047738
10047737
10047736
10047735
10047734
10047733
10047732
10047731
10047730
10047729
10047728
10047727
10047726
10047725
10047724
10047723
10047722
10047721
10047720
10047719
10047718
10047686
10047665
10047664
10047663
10047662
10047661
10047660
10047659
10047658
10047657
10047656
10047608
10047607
10047606
10047605
10047604
10047603
10047602
10047601
10047600
10047599
10047598
10047597
10047596
10047595
10047594
10047593
10047592
10047591
10047590
10047589
10047588
10047587
10047586
10047585
10047541
10047540
10047539
10047538
10047537
10047536
10047535
10047534
10047533
10047532
10047531
10047530
10047529
10047528
10047527
10047526
10047525
10047524
10047523
10047522
10047521
10047520
10047519
10047518
10047517
10047516
10047515
10047514
10047513
10047512
10047511
10047510
10047509
10047508
10047507
10047506
10047498
10047497
10047490
10047489
10047488
10047487
10047486
10047485
10047484
10047483
10047482
10047481
10047447
10047446
10047445
10047444
10047443
10047442
10047441
10047440
10047439
10047438
10047437
10047436
10047435
10047434
10047433
10047432
10047431
10047430
10047429
10047428
10047427
10047426
10047425
10047424
10047423
10047422
10047421
10047420
10047419
10047418
10047417
10047416
10047415
10047414
10047413
10047412
10047411
10047410
10047409
10047408
10047407
10047406
10047405
10047404
10047403
10047402
10047401
10047400
10047399
10047398
10047397
10047396
10047395
10047394
10047393
10047392
10047391
10047390
10047389
10047388
10047387
10047386
10047385
10047384
10047383
10047382
10047381
10047380
10047379
10047378
10047377
10047376
10047375
10047374
10047373
10047372
10047371
10047370
10047369
10047368
10047367
10047366
10047365
10047328
10047327
10047326
10047325
10047324
10047323
10047322
10047321
10047320
10047319
10047318
10047317
10047316
10047315
10047314
10047313
10047312
10047311
10047310
10047309
10047308
10047307
10047306
10047305
10047304
10047303
10047302
10047301
10047300
10047299
10047298
10047297
10047296
10047295
10047294
10047293
10047292
10047291
10047290
10047289
10047288
10047287
10047286
10047285
10047284
10047283
10047282
10047281
10047280
10047279
10047278
10047277
10047276
10047275
10047274
10047273
10047272
10047271
10047226
10047225
10047224
10047223
10047222
10047221
10047220
10047219
10047218
10047217
10047216
10047215
10047214
10047213
10047212
10047211
10047210
10047209
10047208
10047207
10047206
10047205
10047204
10047203
10047202
10047201
10047200
10047199
10047158
10047157
10047156
10047155
10047154
10047153
10047152
10047151
10047150
10047149
10046974
10046973
10046972
10046971
10046970
10046969
10046968
10046967
10046966
10046965
10046964
10046963
10046962
10046961
10046960
10046959
10046958
10046957
10046956
10046955
10046954
10046953
10046952
10046951
10046938
10046937
10046936
10046935
10046934
10046933
10046932
10046931
10046930
10046929
10046889
10046888
10046887
10046886
10046885
10046884
10046883
10046882
10046815
10046814
10046813
10046812
10046811
10046810
10046809
10046808
10046807
10046806
10046805
10046804
10046803
10046802
10046801
10046800
10046799
10046798
10046797
10046796
10046795
10046794
10046793
10046792
10046791
10046790
10046789
10046788
10046787
10046786
10046785
10046784
10046783
10046782
10046781
10046780
10046779
10046778
10046777
10046776
10046775
10046774
10046773
10046772
10046771
10046762
10046761
10046760
10046759
10046758
10046757
10046756
10046748
10046747
10046746
10046745
10046726
10046725
10046724
10046723
10046722
10046721
10046720
10046719
10046718
10046717
10046716
10046715
10046714
10046713
10046712
10046711
10046710
10046709
10046708
10046707
10046636
10046635
10046634
10046633
10046632
10046631
10046630
10046629
10046628
10046627
10046626
10046625
10046624
10046623
10046622
10046621
10046620
10046619
10046618
10046617
10046616
10046615
10046614
10046613
10046612
10046611
10046610
10046609
10046608
10046607
10046606
10046605
10046604
10046603
10046602
10046601
10046600
10046599
10046404
10046403
10046402
10046401
10046400
10046399
10046398
10046397
10046396
10046395
10046394
10046393
10046392
10046391
10046390
10046389
10046388
10046387
10046319
10046215
10046214
10046213
10046212
10046211
10046210
10046209
10046208
10046207
10046206
10046205
10046204
10046203
10046202
10046201
10046200
10046199
10046198
10046197
10046020
10046019
10046018
10046017
10046016
10046015
10046014
10046013
10046012
10046011
10046010
10046009
10046008
10046007
10046006
10046005
10046004
10046003
10046002
10046001
10045773
10045772
10045771
10045770
10045769
10045768
10045767
10045766
10045765
10045758
10045757
10045756
10045755
10045754
10045753
10045752
10045751
10045750
10045749
10045748
10045747
10045746
10045745
10045744
10045743
10045742
10045741
10045740
10045739
10045738
10045737
10045736
10045735
10045734
10045733
10045678
10045677
10045676
10045675
10045674
10045673
10045672
10045671
10045670
10045669
10045668
10045667
10045666
10045665
10045664
10045663
10045662
10045661
10045660
10045659
10045658
10045657
10045656
10045655
10045654
10045653
10045652
10045651
10045650
10045649
10045648
10045647
10045646
10045645
10045644
10045643
10045642
10045641
10045640
10045639
10045638
10045637
10045636
10045635
10045634
10045633
10045632
10045631
10045630
10045629
10045628
10045627
10045626
10045625
10045624
10045623
10045622
10045621
10045620
10045619
10045618
10045617
10045616
10045615
10045614
10045613
10045612
10045611
10045610
10045609
10045608
10045607
10045606
10045605
10045604
10045603
10045602
10045601
10045600
10045599
10045598
10045597
10045563
10045562
10045517
10045516
10045515
10045514
10045513
10045512
10045511
10045510
10045509
10045508
10045507
10045506
10045505
10045504
10045503
10045502
10045501
10045500
10045499
10045498
10045497
10045496
10045495
10045494
10045493
10045492
10045491
10045490
10045489
10045488
10045487
10045486
10045485
10045484
10045483
10045482
10045481
10045480
10045479
10045478
10045477
10045476
10045475
10045474
10045473
10045472
10045471
10045450
10045449
10045448
10045447
10045446
10045445
10045420
10045419
10045418
10045417
10045416
10045415
10045414
10045413
10045412
10045411
10045410
10045409
10045408
10045407
10045406
10045405
10045404
10045403
10045402
10045401
10045400
10045397
10045359
10045358
10045357
10045356
10045355
10045354
10045353
10045352
10045351
10045350
10045349
10045348
10045347
10045346
10045345
10045342
10045341
10045340
10045339
10045338
10045337
10045336
10045335
10045334
10045333
10045332
10045331
10045330
10045329
10045328
10045327
10045326
10045325
10045324
10045323
10045322
10045321
10045320
10045319
10045318
10045317
10045316
10045315
10045314
10045313
10045312
10045311
10045310
10045309
10045308
10045307
10045306
10045305
10045304
10045303
10045302
10045301
10045298
10045297
10045296
10045295
10045294
10045293
10045291
10045290
10045289
10045288
10045287
10045286
10045285
10045284
10045283
10045282
10045281
10045280
10045279
10045278
10045277
10045276
10045275
10045274
10045273
10045272
10045271
10045270
10045269
10045268
10045267
10045266
10045265
10045264
10045263
10045262
10045261
10045260
10045259
10045258
10045257
10045256
10045255
10045254
10045253
10045252
10045251
10045250
10045249
10045248
10045247
10045246
10045245
10045244
10045243
10045242
10045241
10045240
10045239
10045238
10045237
10045236
10045235
10045234
10045233
10045232
10045231
10045230
10045229
10045228
10045227
10045226
10045225
10045224
10045223
10045222
10045221
10045220
10045219
10045218
10045217
10045216
10045215
10045214
10045173
10045172
10045171
10045166
10045159
10045151
10045141
10045140
10045139
10045138
10045137
10045136
10045135
10045134
10045133
10045122
10045121
10045120
10045119
10045118
10045117
10045113
10045112
10045111
10045110
10045109
10045105
10045104
10045103
10045102
10045101
10045056
10045040
10045031
10045030
10044924
10044923
10044922
10044921
10044920
10044919
10044918
10044917
10044916
10044915
10044914
10044913
10044912
10044911
10044910
10044908
10044907
10044906
10044905
10044904
10044903
10044902
10044848
10044847
10044846
10044845
10044844
10044843
10044842
10044841
10044840
10044839
10044814
10044813
10044812
10044811
10044810
10044809
10044808
10044807
10044806
10044805
10044804
10044803
10044802
10044801
10044800
10044799
10044798
10044797
10044796
10044795
10044794
10044793
10044792
10044791
10044787
10044786
10044739
10044738
10044737
10044723
10044722
10044721
10044720
10044719
10044718
10044717
10044716
10044715
10044714
10044713
10044712
10044711
10044710
10044709
10044708
10044707
10044706
10044705
10044704
10044703
10044702
10044701
10044700
10044699
10044698
10044697
10044696
10044695
10044694
10044693
10044692
10044691
10044662
10044661
10044660
10044659
10044658
10044657
10044656
10044655
10044654
10044653
10044652
10044651
10044650
10044649
10044648
10044647
10044646
10044645
10044644
10044643
10044642
10044641
10044640
10044639
10044638
10044637
10044636
10044635
10044634
10044633
10044632
10044631
10044630
10044629
10044628
10044627
10044626
10044625
10044624
10044623
10044622
10044621
10044620
10044619
10044618
10044617
10044616
10044615
10044614
10044574
10044573
10044572
10044571
10044570
10044569
10044568
10044567
10044566
10044565
10044534
10044350
10044349
10044348
10044347
10044346
10044345
10044344
10044343
10044342
10044341
10044302
10044301
10044300
10044299
10044298
10044297
10044296
10044295
10044294
10044293
10044275
10044274
10044223
10044222
10044213
10044212
10044211
10044210
10044193
10044192
10044191
10044190
10044189
10044188
10044187
10044186
10044185
10044184
10044183
10044182
10044181
10044180
10044179
10044178
10044177
10044176
10044175
10044169
10044160
10044159
10044158
10044157
10044156
10044155
10044154
10044153
10044152
10044151
10044150
10044149
10044148
10044147
10044146
10044145
10044144
10044143
10044142
10044141
10044140
10044139
10044138
10044137
10044136
10044135
10044134
10044133
10044132
10044131
10044130
10044129
10044128
10044127
10044126
10044125
10044124
10044123
10044122
10044121
10044120
10044119
10044118
10044117
10044116
10044115
10044114
10044113
10044112
10044111
10044110
10044109
10044095
10044069
10044068
10044067
10044066
10044065
10044064
10044063
10044062
10044061
10044060
10044059
10044058
10044057
10044056
10044055
10044054
10044053
10044052
10044051
10044050
10044049
10044048
10044047
10044046
10044045
10044044
10044043
10044042
10044041
10044040
10044039
10044038
10044037
10044036
10044035
10044034
10044033
10044032
10044031
10044030
10044028
10044027
10044026
10044025
10044024
10044023
10044022
10044021
10044020
10044019
10044018
10044017
10044016
10044015
10044014
10044013
10044012
10044011
10044010
10044009
10044008
10044007
10044006
10044005
10044004
10044003
10044002
10044001
10044000
10043999
10043998
10043997
10043996
10043995
10043994
10043993
10043992
10043991
10043990
10043989
10043988
10043987
10043986
10043985
10043984
10043983
10043982
10043981
10043980
10043979
10043978
10043977
10043976
10043975
10043974
10043973
10043972
10043971
10043970
10043969
10043968
10043967
10043966
10043965
10043964
10043963
10043962
10043961
10043960
10043959
10043958
10043957
10043956
10043955
10043954
10043953
10043952
10043951
10043950
10043949
10043948
10043947
10043946
10043945
10043944
10043943
10043942
10043941
10043940
10043939
10043938
10043937
10043936
10043935
10043934
10043933
10043932
10043931
10043930
10043929
10043928
10043927
10043926
10043925
10043924
10043923
10043922
10043921
10043920
10043919
10043918
10043917
10043916
10043915
10043914
10043913
10043912
10043911
10043910
10043909
10043908
10043907
10043906
10043905
10043904
10043903
10043902
10043901
10043900
10043899
10043898
10043897
10043896
10043895
10043894
10043893
10043892
10043891
10043890
10043889
10043888
10043887
10043886
10043885
10043884
10043883
10043882
10043881
10043880
10043879
10043878
10043877
